23.98 0 0 0 
24.091999999999999 -0.007697977469962404 0.0035944758226503217 0.0057918291862639566 
24.192 -0.014855854007591646 0.0074911179208837827 0.011085440524972222 
24.292000000000002 -0.018483080950433439 0.011940596209153297 0.016169735129740251 
24.399999999999999 -0.014831622201567423 0.016067116341695109 0.02140357317350295 
24.5 -0.006197477581937492 0.017622293372846834 0.025588846848790932 
24.600000000000001 0.0028898967973990737 0.021375722282490708 0.030502918914129651 
24.719999999999999 0.42580112822355276 0.024277427069489925 0.081633469715681153 
24.82 0.89996341333367813 0.12162666956677047 0.1313792990447184 
24.920000000000002 1.3700732200398591 0.28372601624090249 0.15683027620724885 
25.032 1.8453936467474421 0.4409719801356749 0.10787444167840031 
25.132000000000001 2.1211147221737172 0.79917665336498411 -0.0077775303103875017 
25.239999999999998 2.226681522437592 1.4827230106133602 -0.10414749753121118 
25.34 2.1316243630594207 2.147418135397599 -0.11048961481132029 
25.440000000000001 2.0178988939537685 2.457575636138162 -0.052682198791472151 
25.552 1.9693247107099512 2.5152987419878818 0.02310153943839079 
25.652000000000001 1.9417788444505715 2.7081727674626914 0.018850724474784995 
25.771999999999998 1.9399566449633494 3.0527581338454404 -0.029651324213331814 
25.872 1.9661302149580531 3.1852907931196452 -0.066520623152431888 
25.972000000000001 2.0711051924463222 3.1545299754679088 -0.068715021322525424 
26.079999999999998 2.1843587698316114 3.0767684992295794 -0.062330877689598593 
26.18 2.193739162137494 3.0805403496407981 -0.05544853617681636 
26.280000000000001 2.0965155456117319 3.1688493830972266 -0.025323724066967829 
26.391999999999999 1.9811834613025829 3.2328718043782203 0.016003849770518129 
26.492000000000001 1.9523054972510361 3.1856319252242589 0.03468819637505649 
26.600000000000001 1.9434259333377661 3.1655838863590327 0.039427022585966413 
26.719999999999999 1.8619689661168464 3.2007323299599801 0.027358019993704356 
26.82 1.7568795105264556 3.2782818935080269 0.0028818362527808124 
26.920000000000002 1.6421479044625373 3.3518060317895331 -0.0059276466714387552 
27.032 1.5382544248159542 3.3948057787982004 -0.0039211692527277263 
27.132000000000001 1.4482248784634137 3.4211582201203301 0.0061798563848397842 
27.239999999999998 1.3200391626421346 3.4698003258001395 0.013017086567727876 
27.34 1.1741204221547057 3.5325487999837333 0.010429095042384909 
27.440000000000001 1.0362215172893536 3.5940324612802201 -0.00010857000399465529 
27.552 0.91164745538261016 3.63816593128796 -0.018351412501058262 
27.652000000000001 0.80572421705902131 3.6857321986718619 -0.029823297587772156 
27.771999999999998 0.64140334292631385 3.7436345895604797 -0.039999673029493261 
27.872 0.45980020132996441 3.7635828990338989 -0.054755070117495697 
27.972000000000001 0.23848408807979443 3.7649063506436047 -0.067148466626068409 
28.079999999999998 -0.039263164719364592 3.7331377232814957 -0.077815883130202657 
28.18 -0.28767904572031922 3.6693354786889789 -0.088655839244752871 
28.280000000000001 -0.49017540193383791 3.571506299169386 -0.11053105622147497 
28.391999999999999 -0.67882302498834401 3.4487962472661966 -0.1416640038863832 
28.492000000000001 -0.86026789987383911 3.3310331112415019 -0.1640734755106486 
28.600000000000001 -1.0676377516614939 3.2182330523285687 -0.17471166314874836 
28.719999999999999 -1.2100852929636094 3.1052541955222668 -0.16633620682483649 
28.82 -1.2296811182040339 3.0033603895571468 -0.18141007909274665 
28.920000000000002 -1.295911908972198 2.921152532077818 -0.1941929641978995 
29.032 -1.4859971422723008 2.9008142680802917 -0.15053889494193209 
29.132000000000001 -1.5083712677900183 2.8740588242692389 -0.11919289737598818 
29.239999999999998 -1.1909988821478958 2.866988049729271 -0.11692745474645827 
29.34 -0.84677431662685898 2.912887641332107 -0.15487331502113499 
29.440000000000001 -0.88374676876934166 2.9869115664547263 -0.15175393766699943 
29.552 -1.2316318795152525 3.0860937089299365 -0.027319026855200164 
29.652000000000001 -1.3099076003601731 3.1429480830852574 0.016280891461825549 
29.771999999999998 -0.85764637070771543 3.2141343801622364 -0.045281949475219671 
29.872 -0.52368434634845906 3.2802185992957389 -0.12746629450557043 
29.972000000000001 -0.76178501016387401 3.2767087086687621 -0.10607949622400131 
30.079999999999998 -1.3387974038009272 3.2303335338554091 0.064142762289992467 
30.18 -1.5307550397166676 3.1785452955445916 0.09716677489505253 
30.280000000000001 -1.3120421212229676 3.1465434897885896 0.030447774767670573 
30.391999999999999 -1.2023277973154964 3.1205453674510202 -0.019305574685134108 
30.492000000000001 -1.4896827289991179 3.0194271861356388 0.013585109692392258 
30.600000000000001 -1.8356637014010406 2.8962222631148316 0.073591646530937804 
30.719999999999999 -1.8864049656422255 2.7412275945890312 0.054051835912275754 
30.82 -1.8798624218341944 2.6558957526149398 0.041844949435275711 
30.920000000000002 -1.9773120409770133 2.5938122720366055 0.06230341606343312 
31.032 -2.0737900220271972 2.5349548903400851 0.081925081459918531 
31.132000000000001 -2.0609578251870562 2.4476167421884476 0.047609978298433678 
31.239999999999998 -2.178462044617886 2.3096765058809781 0.022471224635344459 
31.34 -2.4348206735318811 2.2281773907848694 0.058364800163767917 
31.440000000000001 -2.5731743734647052 2.1834536403843039 0.071778211766127642 
31.552 -2.4411453515927621 2.1452646134066353 0.021671901312363209 
31.652000000000001 -2.3578641018678219 2.0879803412183158 -0.024855713411983504 
31.771999999999998 -2.58627749764341 2.0871885545474664 0.0037971609705613387 
31.872 -2.778429119441066 2.0939208681317041 0.017046354564153991 
31.972000000000001 -2.7721456489632597 2.1043351132772132 -0.023193773913811135 
32.072000000000003 -2.6437349120755731 2.1298001536485014 -0.065218744844491597 
32.18 -2.5824791008990982 2.1576867069286676 -0.086743461728880852 
32.280000000000001 -2.6593731794294619 2.2432795731848953 -0.061004556434911671 
32.380000000000003 -2.6669752099672301 2.3427802817444654 -0.053973022948854109 
32.491999999999997 -2.5021808257952669 2.3913032166807899 -0.1063679990353355 
32.591999999999999 -2.3981368585432361 2.4514654874209083 -0.13957279339541778 
32.692 -2.4212003307794734 2.5710318866391484 -0.12049163557054481 
32.792000000000002 -2.4335395318352426 2.6685452270625554 -0.10734154484838133 
32.892000000000003 -2.381231518722092 2.7034502521762307 -0.12636770823204282 
33 -2.319933295811285 2.7755359177064691 -0.13165063743161856 
33.100000000000001 -2.2776923379089853 2.8616478844078594 -0.12167503803671183 
33.200000000000003 -2.2309719130005936 2.9076450746913736 -0.12338099443492692 
33.32 -2.1937706462899254 3.0024018515842932 -0.10511861521851878 
33.420000000000002 -2.1235841868553367 3.1163923189979226 -0.078880155700175827 
33.520000000000003 -1.9503487861301469 3.161078572931904 -0.082215230692302604 
33.631999999999998 -1.7369806845352829 3.1966848997125035 -0.08977881090037064 
33.731999999999999 -1.5796707185507506 3.298830870283076 -0.065861508318824077 
33.832000000000001 -1.370286221893078 3.3717689142300387 -0.048873191567393372 
33.932000000000002 -1.1138474952938768 3.3529754734177888 -0.066978345825601041 
34.039999999999999 -0.95379102867038357 3.3644832333290271 -0.076600046134207594 
34.140000000000001 -0.88880242470561854 3.4907688983128624 -0.032118925751129561 
34.240000000000002 -0.76143010194183802 3.5614781271115219 0.00043965412255041192 
34.340000000000003 -0.51270267739345055 3.4747570448462266 -0.019843911483388623 
34.451999999999998 -0.30853730533215018 3.3929154252558686 -0.04493851871105474 
34.552 -0.28102779865780214 3.4825821038821316 -0.007316847045656126 
34.652000000000001 -0.27551386217666179 3.5700380485572434 0.031379717777303195 
34.752000000000002 -0.18258711370024572 3.5233353414182091 0.024071655346740287 
34.872 -0.023684590393989353 3.4446820444606887 0.021641705751741697 
34.972000000000001 0.044994497869221155 3.4262335818120078 0.032442369554265243 
35.072000000000003 0.049105844185832519 3.463760202105747 0.054971421384810697 
35.18 0.058360220066984818 3.499769637503058 0.070035068976885828 
35.280000000000001 0.14083511147846803 3.4851779487911796 0.071036736085730467 
35.380000000000003 0.30163679648865677 3.4023765137142248 0.058623688422629966 
35.491999999999997 0.45054220683815266 3.281460594224483 0.024089641260730776 
35.591999999999999 0.4307595170538096 3.2995735398114543 0.025569787773771845 
35.692 0.36216850808156487 3.4384622506349092 0.078239865478817075 
35.792000000000002 0.40772343814612638 3.4581946089026401 0.090698820541824016 
35.892000000000003 0.59094602353030445 3.2813557529764741 0.043002973330633659 
36 0.71544957666141074 3.1498338495208822 -0.0029401002998040516 
36.100000000000001 0.67271119999852957 3.2590401680798262 0.026568429654828765 
36.200000000000003 0.60573973796360359 3.3857525434072415 0.057743582038672414 
36.32 0.65523923061536382 3.3133725538212291 0.01922294889788494 
36.420000000000002 0.76843130494203138 3.2202767517438904 -0.010042427782053434 
36.520000000000003 0.81866334459212264 3.1856494585661053 -0.020038831476963673 
36.631999999999998 0.76810079778222462 3.2487430609299115 -0.0084202213577812511 
36.731999999999999 0.72905668181866157 3.3261861308911449 0.0061355002403629781 
36.832000000000001 0.75912430659556873 3.3029296236509054 -0.015534649352091411 
36.932000000000002 0.84309862726334228 3.2273590916109307 -0.045129446909376592 
37.039999999999999 0.8985121201161238 3.1899152795524532 -0.063217248562820669 
37.140000000000001 0.88948113574618082 3.2334302323317399 -0.058828595070266235 
37.240000000000002 0.87281674927717079 3.2887162506612655 -0.052894077836579033 
37.340000000000003 0.90108874173000919 3.2832748248318344 -0.064062011880529596 
37.451999999999998 0.97553770564937081 3.2165529179687353 -0.087060072485886056 
37.552 1.0284448383064755 3.1774105092013798 -0.098465569846220166 
37.652000000000001 1.0444952754481536 3.1963826127421244 -0.095458627351538081 
37.752000000000002 1.0505371579996594 3.2357791523682491 -0.08962313876742016 
37.872 1.0986743606571348 3.237127178523306 -0.097652126974054523 
37.972000000000001 1.1612625102048268 3.18729548546992 -0.11278815033475934 
38.072000000000003 1.215814500452431 3.1498011636799839 -0.1205282832160241 
38.18 1.2466512540538472 3.1560693511115683 -0.11520924648817749 
38.280000000000001 1.2672399240609353 3.1770986227311231 -0.10672964014622112 
38.380000000000003 1.3039231869863959 3.1688215296226079 -0.10660569547339695 
38.491999999999997 1.3642412475070433 3.1223445739577254 -0.11451712520352914 
38.591999999999999 1.4159674618330229 3.0862876320568642 -0.11695872247518947 
38.692 1.452366333166486 3.08053228152498 -0.11079344172081174 
38.792000000000002 1.482451623575312 3.0904508631817507 -0.1004305209015561 
38.892000000000003 1.5202444554605086 3.0819239158810601 -0.095102435372449376 
39 1.5731366893483856 3.042377575759931 -0.095505019444151115 
39.100000000000001 1.621210586843663 3.0032410220924977 -0.09430594648339663 
39.200000000000003 1.6605368428409228 2.9879663508324583 -0.085537199012714518 
39.32 1.6997616120734367 2.9787691597855908 -0.069260529326014772 
39.420000000000002 1.7411439918353164 2.9594724346341454 -0.061400861977832955 
39.520000000000003 1.7916239365044335 2.9178412212702316 -0.058362513768890914 
39.631999999999998 1.870913725097169 2.8611543726832256 -0.047129367493774943 
39.731999999999999 1.9597060446680954 2.7682289025366034 -0.042234960005271466 
39.832000000000001 2.0645487443015673 2.6475887528490971 -0.040064711949026617 
39.932000000000002 2.1689760048783122 2.5128011625122357 -0.045085949608410725 
40.039999999999999 2.1806001363336862 2.3938441160302149 -0.061365521259720855 
40.140000000000001 2.1397162630502695 2.3830502465950265 -0.037421733067488812 
40.240000000000002 2.1123335823488354 2.3796441581436434 0.0040854058492117368 
40.340000000000003 2.1340530343906505 2.2472363413206722 0.0077600538657848399 
40.451999999999998 2.1072027567574585 2.0736160298016206 -0.0096325051724340128 
40.552 2.052721077053365 2.1393831175509384 0.023581231476222739 
40.652000000000001 2.0027807864503062 2.2970421141638848 0.066972797672915876 
40.752000000000002 1.9622864870849455 2.3378991082978229 0.05722194347372845 
40.872 1.95010473778695 2.301164968409418 0.034441195499825161 
40.972000000000001 2.0022962097452943 2.2821968502356027 0.040246505946885093 
41.072000000000003 2.0217276103828858 2.2771546860796161 0.045006618815053794 
41.18 2.0205264250295749 2.3213685701357134 0.058179903330474778 
41.280000000000001 2.0654815539330085 2.3644013285271357 0.075334917363726911 
41.380000000000003 2.1171480216975507 2.2866975774841021 0.073741335678221567 
41.491999999999997 2.2057660114876709 2.0862115427102736 0.060544135823535808 
41.591999999999999 2.3056963302955311 1.9198448544755669 0.048042485238973531 
41.692 2.3924181467358627 1.8558890092478806 0.051384138048426016 
41.792000000000002 2.4775942617820097 1.8272922733976973 0.061911943581129059 
41.892000000000003 2.5446130743537387 1.7169448841141768 0.053336999732609157 
42 2.602932453468739 1.5057167900848536 0.026294455248532054 
42.100000000000001 2.6653668666738248 1.3371358386238219 0.011377087099245327 
42.200000000000003 2.7163100753090355 1.2572408582121701 0.022352229688345136 
42.32 2.7747994349422536 1.1445850223897063 0.037746234482436226 
42.420000000000002 2.8171873522361737 0.97744690389427835 0.026381913733840242 
42.520000000000003 2.8688872870762578 0.78234508720027696 0.0037642513243903455 
42.631999999999998 2.9644386043703239 0.62230435647559534 -0.013709425426140157 
42.731999999999999 3.0265726454806461 0.52010192877722794 -0.024385528817174616 
42.832000000000001 3.0574427935043 0.47842521887485862 -0.025896705657514597 
42.932000000000002 3.0876267275756728 0.49106611975766407 -0.0058452192297702614 
43.039999999999999 3.1250062589706884 0.42622845410323629 -0.0067194483101078416 
43.140000000000001 3.1505492284815104 0.29954081672244609 -0.037210966729255883 
43.240000000000002 3.2378253498833112 0.35277732388487959 -0.03107061856088119 
43.340000000000003 3.2601588269621304 0.50716462235157966 0.0038154609863219951 
43.451999999999998 3.2733207368084845 0.50825670022685432 -0.00046488823640307349 
43.552 3.3849195764156401 0.37051143899159744 -0.043926569759389758 
43.652000000000001 3.4694558922878156 0.3553874919502743 -0.078276769816991332 
43.752000000000002 3.468910267382237 0.55562858546484273 -0.048927598746943121 
43.872 3.4324427958155423 0.72854946240760787 -0.017078379434529004 
43.972000000000001 3.4406537410844207 0.7120652497743144 -0.044024926305613901 
44.072000000000003 3.4146331682989 0.78131647658286218 -0.069801468326691346 
44.18 3.276684275040016 1.0377391844481165 -0.060156569377045457 
44.280000000000001 3.0813910025650793 1.2950794445590885 -0.057786980831626374 
44.380000000000003 2.9730094013507502 1.5211125354205068 -0.059682631288384559 
44.491999999999997 2.9231954550559403 1.6627751535951294 -0.079079600748010903 
44.591999999999999 2.8615539031399466 1.7899817003478098 -0.10513604219576281 
44.692 2.7323308962393447 1.9499303354249053 -0.13308723606333953 
44.792000000000002 2.5467184842605235 2.0670711981839931 -0.15996819281573782 
44.892000000000003 2.409450050299649 2.1431108833480597 -0.16703492632093614 
45 2.3446720740560041 2.1728615447226236 -0.15076460302417521 
45.100000000000001 2.3253334076540608 2.1849831197423275 -0.12257620225147597 
45.200000000000003 2.3010344618444902 2.2248920943870494 -0.10170979690539791 
45.32 2.2882875255008743 2.2926684578695666 -0.094269231292483421 
45.420000000000002 2.302939536558271 2.3356813293498671 -0.11179621543370073 
45.520000000000003 2.3404389369336083 2.3328028996813708 -0.13819617757455208 
45.631999999999998 2.37150677981063 2.3201897186753233 -0.14883405735160424 
45.731999999999999 2.3674692609617494 2.3209594716002324 -0.13418663829427441 
45.832000000000001 2.3401600579846451 2.3325809127499548 -0.10788281370885566 
45.932000000000002 2.3197545634470216 2.334543280991519 -0.088405398560756521 
46.039999999999999 2.3202248126427714 2.3228718258479684 -0.084522973687578912 
46.140000000000001 2.3280715887974783 2.3192735345043389 -0.089478361803916384 
46.240000000000002 2.3327420930951535 2.3468327170246761 -0.089163190092907088 
46.340000000000003 2.3455654215773794 2.3679014588806768 -0.088256303584133694 
46.451999999999998 2.3463546871220524 2.3520834394341379 -0.1035152929863586 
46.552 2.3322152889343917 2.3833131660634601 -0.091440453642835692 
46.652000000000001 2.3205643823238873 2.4100307364870304 -0.068374580110129576 
46.752000000000002 2.328694348365802 2.3716590178395616 -0.067400376687588096 
46.872 2.3346085552983937 2.379577263900492 -0.054490212270015 
46.972000000000001 2.3030708646889986 2.4277849086210139 -0.035627162033029659 
47.072000000000003 2.2667223414072626 2.4583546051519432 -0.034187950290045142 
47.18 2.2572869211039639 2.4878842028346715 -0.031476973528368479 
47.280000000000001 2.2478076496968926 2.4925466742960247 -0.035871720990756244 
47.380000000000003 2.1976034966902995 2.451699984085459 -0.035497202980124487 
47.491999999999997 2.1806231753036571 2.4733408832188521 -0.010249257059700227 
47.591999999999999 2.1607640427932728 2.4068813173845442 -0.014881436350351458 
47.692 2.0670988812463738 2.375193381557263 -0.011517886044203009 
47.792000000000002 1.9259749265527555 2.4572194757218586 0.031860512165521292 
47.892000000000003 1.841292686498418 2.5067923950335853 0.056843946377167935 
48 1.8398865849301818 2.4264190212737975 0.030158198740903933 
48.100000000000001 1.8154724233472881 2.4114985069483459 0.016602461980847597 
48.200000000000003 1.7073538406558335 2.4863486046554786 0.033043229536934664 
48.32 1.55656190360086 2.5837600275805546 0.050223443604291561 
48.420000000000002 1.509389364051464 2.6204124921322216 0.058829554230522559 
48.520000000000003 1.5043440761242413 2.6013345601950641 0.054307674231406373 
48.631999999999998 1.4951962816842232 2.6077182220849253 0.054796204300449833 
48.731999999999999 1.4528923505739144 2.6610596424878268 0.062484152031345101 
48.832000000000001 1.4087608492062651 2.7159058794156521 0.070637282891947928 
48.932000000000002 1.4069632156601928 2.7319108972985422 0.070968223730176541 
49.039999999999999 1.4415695307793586 2.7005022572749482 0.063545216243491701 
49.140000000000001 1.4739680281900083 2.6717415357796943 0.060529903228642649 
49.240000000000002 1.4914881048540674 2.6841536361650093 0.066809991684666045 
49.340000000000003 1.5185953994044636 2.7249519782458043 0.076176074676122377 
49.451999999999998 1.5917630785397561 2.7450203147664416 0.078042377635525045 
49.552 1.6840940797830182 2.6681081548554486 0.06342508562041263 
49.652000000000001 1.7873007850091895 2.5283046924783412 0.034774216547135944 
49.752000000000002 1.8762948453784287 2.4163799908764343 0.015273236532733658 
49.872 2.0162412524508464 2.3756302512303575 0.024789702167443178 
49.972000000000001 2.1580989319443735 2.2975829493638535 0.039239073113487608 
50.072000000000003 2.3691103060487788 2.018304346116802 0.01485077147042684 
50.18 2.6474579637425402 1.6235904818422526 -0.062894483221754116 
50.280000000000001 2.7986691848471423 1.4658780051505107 -0.11876521048373008 
50.380000000000003 2.8515587446339214 1.5539916289911369 -0.074432129050347989 
50.491999999999997 2.9337032913262528 1.5511531497137487 -0.039687058438302739 
50.591999999999999 3.1864270514461479 1.2830817708212428 -0.095272799324726778 
50.692 3.4652562496414046 1.0609042519770466 -0.16293579358193025 
50.792000000000002 3.545489431680048 1.1385097293024242 -0.1558728533808853 
50.892000000000003 3.4584032001405802 1.3821197355293311 -0.083321426046470609 
51 3.4109321524646039 1.5891886455254758 -0.037962304294180654 
51.100000000000001 3.5067662931652603 1.6847717232341926 -0.055237891875277355 
51.200000000000003 3.6082446945380369 1.7971862266674987 -0.091840130670441819 
51.32 3.5041009536643952 2.0413669297364074 -0.11646037626404297 
51.420000000000002 3.2799920887197604 2.2871960292506888 -0.098865489723568192 
51.520000000000003 3.0526638849231027 2.4994261905527684 -0.07240915662721488 
51.631999999999998 2.9226777455886381 2.7004876444002948 -0.067460794245751951 
51.731999999999999 2.8416928604680343 2.8717356415921871 -0.088696639835315616 
51.832000000000001 2.6772960396252263 3.0273610451832647 -0.12025489985816727 
51.932000000000002 2.3985139971074072 3.1621722163137393 -0.14205311819595615 
52.039999999999999 2.0298326901537425 3.2904515151719451 -0.14600126664390092 
52.140000000000001 1.7314494602611876 3.3707090031960045 -0.13692415366574753 
52.240000000000002 1.5759903477945949 3.3988154103164883 -0.14378669973942418 
52.340000000000003 1.5069839031532364 3.3904874135808201 -0.17313313174670725 
52.451999999999998 1.248753412287142 3.316809528932406 -0.1964303745200647 
52.552 0.79649151910598881 3.3130582594086739 -0.15308368244534065 
52.652000000000001 0.47527428962903806 3.3128074836065742 -0.12772112400414637 
52.752000000000002 0.44361946645231132 3.3593030780621636 -0.14003823957097017 
52.872 0.46213241678255035 3.4256288940583297 -0.16722779832353959 
52.972000000000001 0.24809705383774752 3.4644814942428259 -0.16794969254395548 
53.072000000000003 0.0048009284182873938 3.428371003694239 -0.14937270284643681 
53.18 -0.10937662228744106 3.3780182517537254 -0.13626328023205689 
53.280000000000001 -0.10304137801177933 3.3794933295446583 -0.10721820560168524 
53.380000000000003 -0.084119928627507834 3.421628457687369 -0.069258664769757727 
53.491999999999997 -0.057610328553451981 3.4291048001974147 -0.058918725199251933 
53.591999999999999 -0.12728455834725147 3.3260237368488812 -0.064116057783962274 
53.692 -0.34559005394182274 3.1915128501555121 -0.027551350782599838 
53.792000000000002 -0.57306113039871021 3.1450351558402261 0.021758423411287368 
53.892000000000003 -0.5814226703646822 3.1982785791980812 0.024344615481692679 
54 -0.44058024691993869 3.1950647549169093 -0.018859747421576211 
54.100000000000001 -0.61489937289011554 3.077058000733607 -0.02396281910035045 
54.200000000000003 -1.0288159458551922 2.9091803874863054 0.044292567714680257 
54.32 -1.3073421811516481 2.8075601396901657 0.07658845031707387 
54.420000000000002 -1.1048439182241319 2.942849582709222 0.058922156706434151 
54.520000000000003 -0.85469498834019142 3.0149312775070753 0.0056291966747721647 
54.631999999999998 -1.0803067116487091 2.8085767144645128 -0.0037611317749868603 
54.731999999999999 -1.5590537396907134 2.5846557975218354 0.1034006980291103 
54.832000000000001 -1.7653602437838984 2.506441729982738 0.13274877407987021 
54.932000000000002 -1.5107729724780863 2.5751840112967752 0.076853939659130524 
55.039999999999999 -1.2090009736308429 2.5738346640100667 0.0048546530053077564 
55.140000000000001 -1.4283918168149992 2.3894760491649252 0.0054995117696248035 
55.240000000000002 -1.9543446229947667 2.2380487148991954 0.10626628161141295 
55.340000000000003 -2.206343352268759 2.2288739675765967 0.1109847567517621 
55.451999999999998 -1.9511146720575427 2.3000413375202768 0.019740221830905728 
55.552 -1.7503470117222844 2.3695834079389191 -0.029352146991666467 
55.652000000000001 -1.8966805431582634 2.3963685093728939 -0.011546905510915514 
55.752000000000002 -2.1739950353499942 2.3536258123898257 0.018649873557482859 
55.872 -2.2838585465852552 2.4475301195145907 0.00070498678976488294 
55.972000000000001 -2.0681401407314151 2.4875990818874705 -0.050956914631669285 
56.072000000000003 -1.8590107915246601 2.5536039955947292 -0.07186810051380059 
56.18 -1.8691957581314822 2.6558478324897301 -0.045026204484672074 
56.280000000000001 -1.9927046428800228 2.7629106375375074 -0.023634473833930872 
56.380000000000003 -1.9937022609780333 2.8567445196322923 -0.060472537316510047 
56.491999999999997 -1.7879381407113404 2.9444564344271451 -0.13305794916727387 
56.591999999999999 -1.5793154646628111 3.010911930840392 -0.16252013670950483 
56.692 -1.5000722679115084 3.1075101783173849 -0.13954267565359385 
56.792000000000002 -1.5069123490639489 3.2083135540351821 -0.10062212775241204 
56.892000000000003 -1.4632396719046761 3.2365314929842275 -0.10246261228292652 
57 -1.3056579094387373 3.2102644378351224 -0.14174788292624152 
57.100000000000001 -1.1317112774104423 3.2075929151952844 -0.1577100187129401 
57.200000000000003 -1.021464218366861 3.2143846308129667 -0.13788047182012744 
57.32 -0.93356463072813078 3.2957488131652761 -0.084022430149480867 
57.420000000000002 -0.80887459847431864 3.3610647502545912 -0.064491929393216935 
57.520000000000003 -0.58410177163613242 3.3640999806241521 -0.074884989427454876 
57.631999999999998 -0.25988231357246211 3.2673535780913046 -0.11576376189813396 
57.731999999999999 -0.084312390373501869 3.1819802126104895 -0.14508076266447939 
57.832000000000001 -0.037866316619843944 3.2740826882600786 -0.097371345168830989 
57.932000000000002 0.048556319414521189 3.4043419132780697 -0.024366805203143337 
58.039999999999999 0.32577156529808987 3.3082070999250508 -0.025328679361573028 
58.140000000000001 0.63544997867096098 3.1147117517453178 -0.067832346841627408 
58.240000000000002 0.83216775703986146 3.0718339707987443 -0.077498445279646569 
58.340000000000003 0.94887481513062477 3.1313834643742862 -0.047062596343216204 
58.451999999999998 1.1097019117679776 3.0569311844022407 -0.044124281932069756 
58.552 1.3323696621407022 2.929896777826043 -0.05008332567696596 
58.652000000000001 1.5232029938373794 2.8356472954238381 -0.048444663463469602 
58.752000000000002 1.6307583516872739 2.8070552764967922 -0.030405444233967814 
58.872 1.6825947507833545 2.774294441399316 -0.0057192451554244845 
58.972000000000001 1.7369403987631611 2.715969833028935 -0.0022537016243075244 
59.072000000000003 1.804517078012891 2.6270325149007578 -0.0087822787260033418 
59.18 1.8310511542813048 2.5315338859100533 -0.011292920921441947 
59.280000000000001 1.786743690028354 2.4982013576384881 0.0068178642603548842 
59.380000000000003 1.7210938659383572 2.515015859905942 0.038003082984508031 
59.491999999999997 1.7131676793694806 2.4990412122655004 0.062832661735217885 
59.591999999999999 1.7447748803092185 2.3958765406851863 0.048997118798892604 
59.692 1.7296788230427891 2.349568328847059 0.02970488495576093 
59.792000000000002 1.7300936509778704 2.508193162312637 0.059483363774773125 
59.892000000000003 1.7170781412495264 2.5845128518215201 0.069240184668597313 
60 1.7993308569520206 2.5353212691072495 0.039922869812074463 
60.100000000000001 1.8529794119014014 2.4365455694498515 0.012041118603612214 
60.200000000000003 1.9311761449707272 2.4450859887405296 0.027162386557731302 
60.32 2.0940074738944192 2.3471235129815775 0.039743465741365225 
60.420000000000002 2.2503735973230681 2.1539384599031077 0.014914440832580037 
60.520000000000003 2.3750618800832783 2.023883444791752 -0.0012451044226865378 
60.631999999999998 2.5008420330123675 1.9715819945768986 0.0038739808391941612 
60.731999999999999 2.6264710472313912 1.8133873449615314 -0.028065295218175253 
60.832000000000001 2.7547556208071802 1.6190284514272091 -0.068485915147200621 
60.932000000000002 2.881001133462048 1.5167062309144375 -0.070784667381273675 
61.039999999999999 2.9668094666179425 1.4481385913833167 -0.06250785377380258 
61.140000000000001 3.015764286366458 1.4060655163296165 -0.050213765026220519 
61.240000000000002 3.0814190312059195 1.3957817886144666 -0.044431758309488506 
61.340000000000003 3.1311578353943896 1.3665092516708415 -0.056982146055474719 
61.451999999999998 3.1740080232296521 1.3894709086816985 -0.066901232864456192 
61.552 3.1595205244590003 1.4443390466334147 -0.065797588635124568 
61.652000000000001 3.1299315457963903 1.5381996691780837 -0.054129242225540324 
61.752000000000002 3.0786634279799041 1.5982232838095627 -0.050922169248536181 
61.872 3.0108278053220801 1.6909400878965273 -0.050342753279743954 
61.972000000000001 2.9587613067288365 1.7671898940711781 -0.050364275269753137 
62.072000000000003 2.9086098251520212 1.8496187434271887 -0.056109324521430359 
62.18 2.8495090051344172 2.009847192754294 -0.044977796418082722 
62.280000000000001 2.7845140100735999 2.124789181959466 -0.047441290438827804 
62.380000000000003 2.7057377841249868 2.1968881632534396 -0.074151169716424076 
62.491999999999997 2.5558557278285314 2.3017696903963571 -0.092766895950042186 
62.591999999999999 2.3661979822191364 2.3614182266834489 -0.1063002924308262 
62.692 2.1860301842055252 2.4301412780143394 -0.1008123007324425 
62.792000000000002 2.0466908236930803 2.4878153077616494 -0.081499906477492876 
62.892000000000003 1.9361401122089217 2.542581480749881 -0.076042537184663486 
63 1.7898770368749821 2.6481822980741829 -0.076314472434990066 
63.100000000000001 1.627635961535052 2.7883586030120151 -0.077765906551031355 
63.200000000000003 1.5016286942564712 2.8673712710708927 -0.10613037871373442 
63.32 1.4442224579897442 2.903817074343984 -0.12653892746094458 
63.420000000000002 1.4059204371001768 2.9100466889381695 -0.12794507267034572 
63.520000000000003 1.3520647608009189 2.9347942351948872 -0.098615025553707908 
63.631999999999998 1.2857209049381455 2.9331860076961096 -0.070277372015406916 
63.731999999999999 1.2450546855848976 2.9229257294674955 -0.057068506336207969 
63.832000000000001 1.2299723262937334 2.9440511043585205 -0.041984356134557171 
63.932000000000002 1.2375138709911797 2.9513289521399799 -0.0424721042187233 
64.040000000000006 1.2571424101182636 2.9583556135141595 -0.047600735924123075 
64.152000000000001 1.2627852362856429 2.9766623985328846 -0.047033841675043583 
64.272000000000006 1.2509938073268601 3.0057615620834532 -0.038664994513097808 
64.379999999999995 1.2245035019248742 3.0142948170905037 -0.028312020394914487 
64.480000000000004 1.2071786863640557 3.0140299753492608 -0.01636458042555956 
64.591999999999999 1.1913070899802813 3.0116362633474969 -0.0037902613036229055 
64.700000000000003 1.1691549303942421 3.0196865851468333 0.0051980139147993374 
64.819999999999993 1.1357873601495752 3.0361539834434721 0.010440680837463773 
64.920000000000002 1.1152899185536194 3.0521326966598781 0.0086416740227973181 
65.031999999999996 1.1001035327773934 3.0626679202065015 0.0061476564020283252 
65.132000000000005 1.085722209995825 3.0701757177246383 0.0089896879279027404 
65.239999999999995 1.0657148158204157 3.078522443480403 0.016621059034712355 
65.340000000000003 1.0470099914160711 3.0847825396665751 0.023524367524071017 
65.451999999999998 1.031807152868254 3.089189954934553 0.026762517162530253 
65.552000000000007 1.0245126581384205 3.0937201955463824 0.026858822355365547 
65.671999999999997 1.0254412272984017 3.1100518708784182 0.026055590190054406 
65.772000000000006 1.0263356048337517 3.1162970450325762 0.023857086340265416 
65.879999999999995 1.0285703863176356 3.1147688258117681 0.019346383545051471 
65.980000000000004 1.0331595815234447 3.108530659050396 0.014861495223795649 
66.091999999999999 1.0385781690591527 3.1013518022347788 0.011701503965103563 
66.200000000000003 1.0449988050731136 3.0960284339317683 0.011081264967199583 
66.319999999999993 1.0578229659720393 3.0845298357479556 0.011247786203252659 
66.420000000000002 1.0744482434739777 3.0804607144260565 0.0071352681871814944 
66.531999999999996 1.0965026761512975 3.0762376370107192 -0.0016431139634436351 
66.632000000000005 1.1178034236323287 3.0742888352996949 -0.010481055157043341 
66.739999999999995 1.1400667784248832 3.0720814194847201 -0.018988396719179068 
66.840000000000003 1.161661711707906 3.0684527605331988 -0.024798546163469513 
66.951999999999998 1.1867408087864806 3.0605912782586855 -0.030431799086203432 
67.052000000000007 1.2106494298006178 3.0526364040402081 -0.034967344114803053 
67.171999999999997 1.0681063230497112 2.8779045518937916 -0.078467900973077195 
67.272000000000006 0.81239408265520885 2.6019956644052371 -0.12108918677922739 
67.379999999999995 0.59911266292729393 2.3051561931931657 -0.1153359213742661 
67.480000000000004 0.45575318437973905 2.0205737834036244 -0.062519960847423214 
67.591999999999999 0.33568431848392766 1.7332057989943042 0.011730618711887464 
67.700000000000003 0.2652850322103365 1.5209825201090812 0.050661328454375355 
67.819999999999993 0.23932985643386159 1.3497338486006558 0.023059092351757165 
67.920000000000002 0.24525421773297776 1.2599016702076051 -0.036675411801998424 
68.031999999999996 0.25948795663114282 1.1722132171664643 -0.10550092993469155 
68.132000000000005 0.24889599748038396 1.0877303812368058 -0.13508978615973263 
68.239999999999995 0.20522519983670393 0.98809142444550935 -0.11828578036801127 
68.340000000000003 0.14927977458701774 0.89276405029269534 -0.074794116983876585 
68.451999999999998 0.097029990031349239 0.79338055116689632 -0.035041439623436532 
68.552000000000007 0.071237573661345241 0.72647075899312097 -0.026843110535894849 
68.671999999999997 0.063784961185269745 0.68535970711263783 -0.04437398132394544 
