23.98 0 0 0 
24.091999999999999 -0.0077003075486900942 0.0035973492237965149 0.0057869457495437456 
24.192 -0.014867513769977456 0.007500989175370956 0.011063111376220416 
24.292000000000002 -0.018528266963635676 0.011961472260962095 0.016102451927913295 
24.399999999999999 -0.014959172150860001 0.016110744597033742 0.02128166502769864 
24.5 -0.0064303250836729754 0.017703523777498693 0.025475070173132035 
24.600000000000001 0.0025516338140433277 0.021510523494985594 0.030438259029229298 
24.719999999999999 0.42543147674806969 0.025165230505842046 0.083275370938413196 
24.82 0.90211679886049212 0.12086493223377298 0.11646742753411539 
24.920000000000002 1.384100121546092 0.23420780296924243 0.10775144853771706 
25.032 1.8848176844933995 0.24183246303753284 0.023457406722995202 
25.132000000000001 2.2305863741121934 0.39592422322868831 -0.074832579597700316 
25.239999999999998 2.5346017028612193 0.85904067111660776 -0.072582112327210541 
25.34 2.7146834231192707 1.3388144795819883 0.074193867045576095 
25.440000000000001 2.7972665225309927 1.4928210133660649 0.24729494861259815 
25.552 2.8383159451079161 1.4274117189334048 0.33460370467287226 
25.652000000000001 2.9395885933133741 1.5344237367415356 0.33079127434317857 
25.771999999999998 3.1791998755466384 1.700160908575274 0.29288947642631402 
25.872 3.3548522200342763 1.6469202663809264 0.2208861021504579 
25.972000000000001 3.5055486787232648 1.3915546543368071 0.14128674231567273 
26.079999999999998 3.6192968226026081 1.0664721682360097 0.071696553486913561 
26.18 3.6749966608474329 0.89379127076389375 0.028837553491568801 
26.280000000000001 3.7009013785681844 0.86042671660190539 0.024899562600747039 
26.391999999999999 3.7044633034907641 0.80815656008895997 0.025273337047250641 
26.492000000000001 3.6809767954034704 0.64126164676086905 -0.012005026742814269 
26.600000000000001 3.6823455273009618 0.48514844032712912 -0.065898395052146189 
26.719999999999999 3.6798685996833354 0.38975773979819089 -0.13791422487637398 
26.82 3.6952647763525981 0.38122834010435863 -0.18289143812515488 
26.920000000000002 3.7078029581078544 0.37677361971279755 -0.20378276473150125 
27.032 3.706620286654116 0.32852356200869715 -0.20972993721713193 
27.132000000000001 3.6990142082644204 0.27579661425272378 -0.20723699222604403 
27.239999999999998 3.69781890428388 0.25607571401708901 -0.20675520836443734 
27.34 3.7066189477042006 0.26933639720322999 -0.21448178867317799 
27.440000000000001 3.723304186021537 0.2729546197387685 -0.23092442775637273 
27.552 3.7343246735363915 0.23948862917281427 -0.2552520909708777 
27.652000000000001 3.7574166923399277 0.20635558678713192 -0.27191902340201851 
27.771999999999998 3.7825825170707019 0.20219206610084958 -0.281044537876322 
27.872 3.7723950509679547 0.24496140932438371 -0.29664805430231217 
27.972000000000001 3.7436571081256362 0.34984618365330128 -0.31391481410988753 
28.079999999999998 3.6810289333461039 0.5311737043261473 -0.33435707927267433 
28.18 3.5952398707782334 0.70693223363398394 -0.35935920046689368 
28.280000000000001 3.4823562516299655 0.85167930097827305 -0.39494757763012106 
28.391999999999999 3.3439743465296523 1.0024969533568902 -0.43347476589830836 
28.492000000000001 3.207132142330261 1.1704108859407507 -0.45519702636356618 
28.600000000000001 3.0685554802063995 1.3810886066464172 -0.45161935144523085 
28.719999999999999 2.9425269917530228 1.5159634743432244 -0.42186184470568289 
28.82 2.8426348069555929 1.520790273634341 -0.41451561698994532 
28.920000000000002 2.7500743860308727 1.5869191305363568 -0.41110733788055559 
29.032 2.7073320980998452 1.7880858836569864 -0.34449189670424496 
29.132000000000001 2.7081422305562435 1.7725052119648148 -0.27165398262247309 
29.239999999999998 2.7884555693591269 1.3467410030965357 -0.25015006002414586 
29.34 2.900467452321299 0.85614285464835294 -0.2832576009381253 
29.440000000000001 3.0176041466315242 0.7443823347909998 -0.25620005583930805 
29.552 3.1656710289205972 1.0031719686007803 -0.11751908028050556 
29.652000000000001 3.2490236390304843 1.0180528022202449 -0.040737289920537226 
29.771999999999998 3.2986136031099118 0.42493313382689257 -0.082750800791303786 
29.872 3.3204264193562882 -0.036649015394795391 -0.15411766064436891 
29.972000000000001 3.3613958912307678 0.11551210200105877 -0.12674320259271257 
30.079999999999998 3.4364387085276187 0.6498375950747618 0.012150098335899858 
30.18 3.4427812081589995 0.77540854820656302 0.042446504044603317 
30.280000000000001 3.3738912978436901 0.4876216322478325 -0.046906098549354167 
30.391999999999999 3.3231908978803899 0.35066252218941857 -0.13117270870187162 
30.492000000000001 3.3050880888507272 0.63161460030550343 -0.11719830321545487 
30.600000000000001 3.2928951772540276 0.95775983295531542 -0.052132585175526852 
30.719999999999999 3.1629416578849399 1.0328512792270521 -0.069226617110921956 
30.82 3.0691359457259173 1.0776641759574754 -0.091980672353637702 
30.920000000000002 3.0255499389620359 1.2167340187806639 -0.084336350420467276 
31.032 2.9939029244651971 1.3287046871164856 -0.066349105527717556 
31.132000000000001 2.8984148298439063 1.3526342618645755 -0.1010624146036966 
31.239999999999998 2.7576486801896198 1.5679405942200122 -0.13320453160971724 
31.34 2.6834334312949144 1.9200734479366228 -0.09505588513522896 
31.440000000000001 2.614301122150299 2.1346121080834894 -0.052048615681347533 
31.552 2.4997915575877498 2.0750887061556664 -0.082882993686196657 
31.652000000000001 2.3639464284258609 2.0758536190664141 -0.14963913399183509 
31.771999999999998 2.3074951407347659 2.388704663258554 -0.12148243780205896 
31.872 2.2562512979185807 2.6475014987846297 -0.067301162941570972 
31.972000000000001 2.1741098809397004 2.717256888067753 -0.057592959938202924 
32.072000000000003 2.1059585950291915 2.6624588780417153 -0.076730588731273766 
32.18 2.0433874554887432 2.6733653049313824 -0.10010151412638998 
32.280000000000001 2.0596591787052092 2.804056089558002 -0.058000181303923176 
32.380000000000003 2.1144209004480317 2.8519279500496726 -0.0045309812067858635 
32.491999999999997 2.1184414750963985 2.7389241768107517 -0.032468147115671676 
32.591999999999999 2.1240811933813601 2.6949432236497977 -0.076053258992212019 
32.692 2.1741281626189859 2.7852327996101836 -0.050786047365390746 
32.792000000000002 2.1974289239261218 2.8681097199587722 -0.0048215873528978598 
32.892000000000003 2.1407465461215756 2.9003582688594092 -0.001321725573504437 
33 2.0895151699632382 2.9558317107436394 0.0026963094257840981 
33.100000000000001 2.0613870929782943 3.0234786093034365 0.031243677337988336 
33.200000000000003 1.9914970436288957 3.0788053775220137 0.041897485857863077 
33.32 1.9151306364185197 3.1883868978691705 0.067528402417063538 
33.420000000000002 1.9126098000376919 3.2488771955800768 0.1202234768010338 
33.520000000000003 1.9178746477317883 3.1791102747015483 0.13435837465927764 
33.631999999999998 1.9300833356352591 3.0833685401349977 0.10757901558469836 
33.731999999999999 2.0259511442298814 3.0433569082343626 0.1244311791841026 
33.832000000000001 2.1693063168706601 2.9190917609424782 0.14802676958863981 
33.932000000000002 2.2695444290769391 2.7063656001866989 0.11108640553727894 
34.039999999999999 2.3268901190797289 2.6109856977426431 0.060567158630358997 
34.140000000000001 2.4221709346452331 2.6647098230518229 0.094225258149829433 
34.240000000000002 2.5197597474757378 2.6252007393178518 0.15177067114156595 
34.340000000000003 2.5699578749271788 2.3905805168330838 0.13279928680432435 
34.451999999999998 2.5809838860144811 2.2233181320706854 0.066846734580799261 
34.552 2.6247718233001676 2.3046868085924124 0.079999125363356405 
34.652000000000001 2.6674956917486101 2.385280390467277 0.13026295114347694 
34.752000000000002 2.6637576232028612 2.309723499991954 0.13184121199642912 
34.872 2.6644142561592186 2.1804839755021623 0.11510870876562315 
34.972000000000001 2.6650794132116169 2.1513128902579757 0.10657456921173276 
35.072000000000003 2.664215245295114 2.2116648761586544 0.11646278846554085 
35.18 2.6629371267776953 2.268818413096414 0.13389252774076449 
35.280000000000001 2.6813921871873636 2.2273759633544787 0.14240202807710864 
35.380000000000003 2.7250092009502782 2.0561663103197789 0.13073788263807284 
35.491999999999997 2.7375649013753245 1.8633197708639746 0.073007291910670236 
35.591999999999999 2.724732438806615 1.9097171504425376 0.046975125585140685 
35.692 2.7563321057419676 2.0864527969723201 0.098276155296807235 
35.792000000000002 2.7935104271418512 2.0760983130621451 0.14032077200101947 
35.892000000000003 2.7939931544647276 1.8174080225353211 0.094828099537447641 
36 2.7715298683338823 1.6588457476631746 0.013527561321809442 
36.100000000000001 2.8023007556337984 1.7948041298142501 0.0194336767380139 
36.200000000000003 2.8359086455917413 1.9460597362280831 0.063630916176174251 
36.32 2.8080930126018253 1.8764906752569788 0.039268686864045596 
36.420000000000002 2.8066708070550321 1.7559452817243266 0.0050027000748112576 
36.520000000000003 2.8047806971244515 1.7180915985651091 -0.018444494744176931 
36.631999999999998 2.7914724478480886 1.830776280101283 -0.017916382035349929 
36.731999999999999 2.7970321573365302 1.9420744735490778 0.0057720892884534887 
36.832000000000001 2.7838947301605512 1.9328144762963537 -0.0036699576355950117 
36.932000000000002 2.7749405204810991 1.8512533066945098 -0.035566426868897223 
37.039999999999999 2.7686577648255253 1.8212446601659478 -0.066947817903610554 
37.140000000000001 2.7689168590248148 1.8915845848616561 -0.068671303505491166 
37.240000000000002 2.7692627516183355 1.9769518210982437 -0.055738211382387222 
37.340000000000003 2.7630292771303178 1.9895993011395501 -0.055877292696325027 
37.451999999999998 2.7513326746937397 1.9311952884264725 -0.078225421572105255 
37.552 2.744022072395246 1.9036717271261514 -0.098532326756523958 
37.652000000000001 2.7435325596588407 1.9441295137567396 -0.1016566025469956 
37.752000000000002 2.7463202009166316 2.0077678493025757 -0.092309087232694487 
37.872 2.7536731102886502 2.0262397261900085 -0.085150644653668284 
37.972000000000001 2.7491684699636529 1.98805850069025 -0.098997059305369478 
38.072000000000003 2.746736491674092 1.963918594077158 -0.11154254089431548 
38.18 2.7472889734546388 1.9921088630862454 -0.10996291503986007 
38.280000000000001 2.7483385504358462 2.0367337259222498 -0.097953262624835918 
38.380000000000003 2.7465649341663281 2.049649956353 -0.091249423549000619 
38.491999999999997 2.7422602385191173 2.0233400302885771 -0.096994319197915985 
38.591999999999999 2.7408242902386299 2.0052924179385014 -0.10246497995111581 
38.692 2.7415692075310769 2.021237457284804 -0.098588597452519716 
38.792000000000002 2.7436347655076516 2.0551818044943877 -0.085625156837765184 
38.892000000000003 2.7432937619964202 2.0705648570771724 -0.074452729166957166 
39 2.7404815099888977 2.0553883357416063 -0.071284278114263508 
39.100000000000001 2.736846293545677 2.039921095888225 -0.071192016903658367 
39.200000000000003 2.7359379153415038 2.0501727281878299 -0.063856405675378022 
39.32 2.731516900874714 2.0744793316775509 -0.049022329292547441 
39.420000000000002 2.7318931908437896 2.0806925010220176 -0.036164451154700294 
39.520000000000003 2.7335980880264148 2.0624410742291137 -0.029970216613437069 
39.631999999999998 2.7638276155576929 2.0124004099470438 -0.015658540397168578 
39.731999999999999 2.8119310189452835 1.8969167621916232 -0.008577424098568846 
39.832000000000001 2.8797441694714516 1.7264655520865764 -0.0091169516505668416 
39.932000000000002 2.9543379824021785 1.5140080400527189 -0.018057555327842617 
40.039999999999999 2.9424593154247578 1.3525502797092028 -0.04258229161425283 
40.140000000000001 2.9058528095002787 1.3469941634456402 -0.018458695158747509 
40.240000000000002 2.8751103718237765 1.3626025545115115 0.04160290034216467 
40.340000000000003 2.8360667755114095 1.2477630585777379 0.064236596028674542 
40.451999999999998 2.7199529297915799 1.1578456036149434 0.039106268041731639 
40.552 2.6447568248521511 1.3390379918600368 0.058468898334721325 
40.652000000000001 2.5912248360532431 1.6019164491228994 0.10694039225430377 
40.752000000000002 2.509866744323102 1.7341320525683459 0.11388502441908181 
40.872 2.4190185711259238 1.7991497734767594 0.10423119143398238 
40.972000000000001 2.4192199103857845 1.8313962787411855 0.1122276767673042 
41.072000000000003 2.3958199081129909 1.8767329610648249 0.11296880719188972 
41.18 2.3407176235032767 1.9950211741538662 0.1248819262631876 
41.280000000000001 2.3271717095574531 2.1030133431003719 0.15456310921393676 
41.380000000000003 2.3094476918666511 2.0867913353176069 0.16879757881058904 
41.491999999999997 2.3311955742328165 1.9395972157680155 0.15759989218508696 
41.591999999999999 2.3937986231920823 1.804555961841648 0.13286777400114727 
41.692 2.463414293916383 1.7567900883938721 0.1261250766923524 
41.792000000000002 2.5401457738781779 1.7344261545609709 0.1439750985961433 
41.892000000000003 2.5932498385140987 1.6364744506434665 0.15101958891514872 
42 2.639011536152112 1.4354692179715678 0.13482597655211889 
42.100000000000001 2.6941954527830756 1.2725649642714318 0.11887597283559218 
42.200000000000003 2.7452084824403173 1.186166815527121 0.12780178651137467 
42.32 2.8142060609912001 1.0346879829409836 0.14379353285261573 
42.420000000000002 2.8638055141901781 0.82068239387965458 0.13319691503239386 
42.520000000000003 2.9174508684768359 0.56442139412532699 0.11180872452370123 
42.631999999999998 3.0113436402343305 0.3127821179811795 0.09655944597280991 
42.731999999999999 3.0675216887845789 0.1164268132175439 0.089432291178545939 
42.832000000000001 3.0934609273044869 0.0043274677447327015 0.089434496891056342 
42.932000000000002 3.1242869844642427 -0.046238710860235586 0.10635661581062922 
43.039999999999999 3.1452490065175311 -0.21221591847367757 0.098757559840710885 
43.140000000000001 3.1354102594550284 -0.42750095817211492 0.059289406129786233 
43.240000000000002 3.2236813194613987 -0.46258077573874457 0.053178909397528576 
43.340000000000003 3.2710266514347013 -0.42725497634508686 0.060859836665317059 
43.451999999999998 3.2568475838966409 -0.60393304823096605 0.034094339531601452 
43.552 3.2780355419777507 -0.92256652870994804 -0.015581860961509989 
43.652000000000001 3.3145293335116266 -1.0872699677624942 -0.035930838440896187 
43.752000000000002 3.3572239617710267 -1.0360704932676728 -0.0077898360229276299 
43.872 3.34960223559826 -1.0454081981032153 0.0051087550638972438 
43.972000000000001 3.300715532439817 -1.2044916172439868 -0.039372554020777856 
44.072000000000003 3.2782659531274594 -1.2340019888261831 -0.072517499582949937 
44.18 3.2804622150452438 -1.0240540701934069 -0.084036795831191308 
44.280000000000001 3.2540707000698603 -0.75692371985220663 -0.11675176587150475 
44.380000000000003 3.2887398249550617 -0.56169126172632067 -0.1575549195224675 
44.491999999999997 3.3219981078605003 -0.48387563370063558 -0.21526589513801178 
44.591999999999999 3.342846145213322 -0.39972024320912303 -0.26302507889055859 
44.692 3.3385855393898796 -0.23038828129904657 -0.29383751968433047 
44.792000000000002 3.2693851980372504 -0.029369729356316321 -0.30725566715886371 
44.892000000000003 3.2126978092930862 0.12850075145269149 -0.29721173069788698 
45 3.1819694477996148 0.20754538485244545 -0.27118211484864818 
45.100000000000001 3.1756949650666635 0.22629683746284698 -0.2451588176548537 
45.200000000000003 3.1842437717219712 0.25251001803395301 -0.22820955740465027 
45.32 3.222180051327908 0.26238286682973183 -0.22402252801920522 
45.420000000000002 3.263659774769728 0.25051907884322749 -0.23916780884487016 
45.520000000000003 3.2913816956060367 0.19638055865334225 -0.25877244788712273 
45.631999999999998 3.3079673540242114 0.14382421850808214 -0.25718260602695092 
45.731999999999999 3.3077233609003858 0.12730646927642167 -0.22919174274079024 
45.832000000000001 3.2974838806440965 0.13553989220837401 -0.19274466923461642 
45.932000000000002 3.2852451648446954 0.13367290510418522 -0.16871526681419607 
46.039999999999999 3.2782642931984127 0.10857669223004403 -0.16587694067339362 
46.140000000000001 3.2816894432521253 0.087004858139169888 -0.17291032461117611 
46.240000000000002 3.3044713802821422 0.087887049644360282 -0.17321752932081447 
46.340000000000003 3.329237394570403 0.061938542547166756 -0.16960432934416245 
46.451999999999998 3.3191480189193729 0.015231434825572291 -0.17724748691808803 
46.552 3.3320611607773922 0.022715775566658523 -0.15691899952657209 
46.652000000000001 3.343870046755947 0.0062215935867784497 -0.12820565006795093 
46.752000000000002 3.3213540287459655 -0.073372671999952968 -0.12389730636591006 
46.872 3.330541565165984 -0.11367576290095216 -0.10161175231469453 
46.972000000000001 3.3441331384614754 -0.097210312133708038 -0.082873231145517146 
47.072000000000003 3.3420140691347071 -0.083797998983054095 -0.081401540057694441 
47.18 3.3573094678636934 -0.090984862881519371 -0.078088043150648781 
47.280000000000001 3.3537392773966701 -0.11285948674049429 -0.080065781994780594 
47.380000000000003 3.289497016649007 -0.12474068601392621 -0.072132730154565353 
47.491999999999997 3.2941585529969806 -0.14037452392994809 -0.038105449633671566 
47.591999999999999 3.2276594520887096 -0.20748086395433316 -0.036966663172729758 
47.692 3.1447717884432884 -0.15598758934196 -0.025540495783350745 
47.792000000000002 3.1219607290894502 0.03632896585749848 0.019064996069873975 
47.892000000000003 3.1062822928039764 0.16386643937641193 0.041907169423443524 
48 3.0413757575394942 0.15334435581747291 0.010974477055162541 
48.100000000000001 3.0100992622998621 0.22542034983963635 -0.0053765855725070259 
48.200000000000003 2.9869023698793966 0.41993537447502793 0.012119825331961724 
48.32 2.940173748637938 0.67484855424588386 0.034365546767753018 
48.420000000000002 2.9152825379050036 0.80428211650894088 0.050366645067033929 
48.520000000000003 2.8773546162300065 0.86682375212985585 0.048876498638488419 
48.631999999999998 2.8477507930608019 0.96273136634309364 0.047671872656343178 
48.731999999999999 2.8220302962507766 1.1086206088624597 0.056073390631406171 
48.832000000000001 2.7876981817318551 1.2607732327795835 0.070222538480599977 
48.932000000000002 2.7546404843083874 1.3614239300641322 0.07999884147171353 
49.039999999999999 2.716602723857346 1.4102271787108303 0.078753369972965823 
49.140000000000001 2.6821009782425289 1.4542753988407469 0.076588890569858362 
49.240000000000002 2.6576077554438906 1.5374810273496928 0.083391805305826183 
49.340000000000003 2.65372085099431 1.6388024910628483 0.096902556599148287 
49.451999999999998 2.6734945320933123 1.7076361480296121 0.10650170045405505 
49.552 2.6837777735768249 1.6573051328315025 0.098352914535994942 
49.652000000000001 2.6857829719438064 1.5393447451885616 0.070466611356186232 
49.752000000000002 2.6992013972361804 1.4393003132087401 0.04831463972079679 
49.872 2.8021587391822886 1.3613092315973039 0.064853560975776881 
49.972000000000001 2.9085249303899912 1.2128566961819613 0.085319856729058563 
50.072000000000003 3.009520285792068 0.79065523951985583 0.064098071887057961 
50.18 3.1011196601694828 0.17889136843684783 -0.009495795986764994 
50.280000000000001 3.1567220673596506 -0.16784508516463434 -0.048852064940750423 
50.380000000000003 3.2391652287214661 -0.24418412359775232 -0.00036569431028520558 
50.491999999999997 3.2867201575828395 -0.45865031351681629 0.037103283715071669 
50.591999999999999 3.2828052316702885 -1.0158121594475416 0.0029255306294572467 
50.692 3.2776325950798202 -1.5546090517477236 -0.01954605500729879 
50.792000000000002 3.2897144106337932 -1.7516280687951959 0.023963834615317689 
50.892000000000003 3.3011722545227067 -1.7242038669805837 0.08445643361745947 
51 3.3276092776116322 -1.7549639297117661 0.092400959382853268 
51.100000000000001 3.3581063531355553 -1.9645681927500274 0.050103453512444392 
51.200000000000003 3.3743156543476851 -2.2071833417537738 0.0088475587374630786 
51.32 3.3384140544985716 -2.3052687200875077 -0.013899044760541846 
51.420000000000002 3.328288631150071 -2.2185314187471556 0.0011380384624989773 
51.520000000000003 3.3165448674710052 -2.1381443240772127 -0.00039213076868393121 
51.631999999999998 3.3276140246915107 -2.1829458039415446 -0.031019358606840852 
51.731999999999999 3.3392892858853425 -2.2746615174681319 -0.070802884580378866 
51.832000000000001 3.3302008312186664 -2.2905112547161672 -0.10300892386093556 
51.932000000000002 3.3108085090868347 -2.1898437680977922 -0.12455077606081887 
52.039999999999999 3.3190173663978664 -1.9836076845182202 -0.13428540146034107 
52.140000000000001 3.3180476724769221 -1.8293206799823905 -0.14996711133327004 
52.240000000000002 3.2698618040243206 -1.8243178548860206 -0.19035370155417453 
52.340000000000003 3.1912234573020752 -1.8859302302883827 -0.23609421714795928 
52.451999999999998 3.1094163125219194 -1.6954755535171329 -0.23682962398738663 
52.552 3.1608908902692647 -1.2670572794283381 -0.19370858147023537 
52.652000000000001 3.1933973472422732 -0.98879340565327445 -0.20345206536562055 
52.752000000000002 3.2196929204310041 -1.032891846478492 -0.26084102714135832 
52.872 3.2512067880661277 -1.1468584436580325 -0.30138838468606316 
52.972000000000001 3.3117976573101178 -1.0223744371339702 -0.28131487452628712 
53.072000000000003 3.3113158815181865 -0.86592284197274294 -0.24784623619493149 
53.18 3.2738875095445854 -0.81953067006251279 -0.22708652954035477 
53.280000000000001 3.2574230094042567 -0.89123499394213324 -0.19489473314707609 
53.380000000000003 3.2643407508946463 -1.0196733419482213 -0.15414267826495703 
53.491999999999997 3.215292404398546 -1.1872492249172508 -0.13373155582148058 
53.591999999999999 3.1115041157106846 -1.1786440052336247 -0.10993894934855605 
53.692 3.0626331811059067 -0.96068867101413602 -0.057455290403574694 
53.792000000000002 3.1110425842212992 -0.7355472570249072 -0.022425242002473512 
53.892000000000003 3.1568690866959348 -0.77431657164981738 -0.047352596615334128 
54 3.0891266625315783 -0.92200728585746605 -0.10052094221243212 
54.100000000000001 3.0591080523222898 -0.69324797467829402 -0.090700414441618471 
54.200000000000003 3.0797057682200273 -0.19633424242484029 -0.024896894973194379 
54.32 3.0958395524631879 0.114794274673852 -0.0017456299464005162 
54.420000000000002 3.1393124655557054 -0.16557780925044413 -0.042623975998466894 
54.520000000000003 3.0991789197635535 -0.4521061065832761 -0.10505194297455756 
54.631999999999998 3.0036291082278423 -0.16080273974046719 -0.086801828759755992 
54.731999999999999 2.992825002736403 0.40532719024763142 0.022231309035708177 
54.832000000000001 2.9935251188718692 0.67121343251866883 0.068184043887597245 
54.932000000000002 2.9525931184208192 0.44928188098013733 0.01593307650222513 
55.039999999999999 2.8325935455061382 0.24029994043738453 -0.070721595984621868 
55.140000000000001 2.7174641119405445 0.60023632100419899 -0.070953335150802738 
55.240000000000002 2.6960592820308937 1.252822666435538 0.036293147263873352 
55.340000000000003 2.7033828020918622 1.5908748133679325 0.094797263767565934 
55.451999999999998 2.6551115429348293 1.4307468859011867 0.027826915682393764 
55.552 2.6311262249261071 1.3244414926329822 -0.050311611539376806 
55.652000000000001 2.6339941344775784 1.5490378807707237 -0.051662268736664269 
55.752000000000002 2.5702740365257304 1.9130714379395 -0.002397239976438962 
55.872 2.5719108058261995 2.1422913530808483 0.047713825431700253 
55.972000000000001 2.5175974126588767 2.0320457928532898 0.021038169625248505 
56.072000000000003 2.5060704226937522 1.9238785955210072 -0.016783902690741929 
56.18 2.5356575785392601 2.0296895859301163 -0.015769584983393235 
56.280000000000001 2.5581816471435057 2.2495996810585797 0.010654028630428041 
56.380000000000003 2.5622468386096928 2.36099476607352 0.0094729222254075294 
56.491999999999997 2.5768577651953106 2.2897488554640155 -0.033243705269728453 
56.591999999999999 2.5981195403961608 2.1980584540007886 -0.06748832227417742 
56.692 2.6328775147110299 2.2339893434773588 -0.059632888496445532 
56.792000000000002 2.6482187640309949 2.3580944341361763 -0.022660955202876375 
56.892000000000003 2.5967462438448705 2.4256017536938113 -0.0083729914118358447 
57 2.5131502639808483 2.3903547452014222 -0.030211626383943341 
57.100000000000001 2.4660098246342961 2.3475926544897399 -0.043582661968036292 
57.200000000000003 2.4062097190111724 2.3672863561213222 -0.027907435884890537 
57.32 2.3832013089080584 2.4617315360627492 0.028147709818756351 
57.420000000000002 2.3956463271182331 2.4925573902186251 0.05683231694314636 
57.520000000000003 2.4357543862041333 2.3934091117335918 0.051426791298566199 
57.631999999999998 2.4743042847142296 2.1527433532938547 -0.007336977339098146 
57.731999999999999 2.4455966942222664 2.0412736644888212 -0.073577959905924653 
57.832000000000001 2.4641852663225072 2.1578015230831107 -0.047074903907372033 
57.932000000000002 2.5425473718625469 2.2640552405447716 0.044744267221697345 
58.039999999999999 2.6015415832556115 2.0684827905483605 0.066054572487956695 
58.140000000000001 2.6295153595991079 1.7875894259352714 0.0004658841918930781 
58.240000000000002 2.697696894783713 1.6898069830029279 -0.040705688785520139 
58.340000000000003 2.8007136550846008 1.6922583901223642 -0.02013124446047717 
58.451999999999998 2.8592227045810743 1.5501344590086921 -0.011926273948403825 
58.552 2.9315320011162411 1.3295563077155153 -0.020310978915459792 
58.652000000000001 3.008372684603605 1.1454866029775324 -0.030725605407521946 
58.752000000000002 3.0690824650927651 1.0581983805689934 -0.028383582695339121 
58.872 3.0861159517632348 1.0018113205379682 -0.011395745805857199 
58.972000000000001 3.0872636501773649 0.92856838566323141 -0.0048030604918345831 
59.072000000000003 3.0763213887983851 0.83299693141239772 -0.0046553930790353883 
59.18 3.0254809899796307 0.77974543699412713 -0.001227976960897984 
59.280000000000001 2.9532892729464835 0.84326786163940881 0.022165384303720531 
59.380000000000003 2.8854427406811682 0.9794512035897297 0.061714141834549333 
59.491999999999997 2.8408596360272607 1.050539917451963 0.099904113275974121 
59.591999999999999 2.7869659677383454 1.005948108988628 0.088054503034994805 
59.692 2.7211975152687131 1.0510664062243418 0.059042659121379348 
59.792000000000002 2.7704145470642492 1.2670297426212176 0.085053629668456129 
59.892000000000003 2.7712696907387158 1.3934555381933491 0.10584985513316146 
60 2.7884960509070509 1.3725726471440622 0.0858685523870856 
60.100000000000001 2.7570346978250382 1.3290790536502721 0.052350220728249533 
60.200000000000003 2.8074729937090104 1.3497846924392949 0.069291154802779059 
60.32 2.9048308086875871 1.2047923742013271 0.076608987407309245 
60.420000000000002 2.9595882360659314 0.97130500349399695 0.03547844770543699 
60.520000000000003 3.0156048635174635 0.80195366628482301 0.0047230153557475934 
60.631999999999998 3.1167850186866919 0.6533987018888785 0.0090954279142228187 
60.731999999999999 3.1685960271710663 0.38390689280021884 -0.011233871252521659 
60.832000000000001 3.1949698733944301 0.075055001460431411 -0.034003416458817555 
60.932000000000002 3.2516790888473746 -0.17823503395229093 -0.019777938854573997 
61.039999999999999 3.2761240345420468 -0.41228894413945261 0.00039960888369620218 
61.140000000000001 3.2750444221607813 -0.58992525525230433 0.021168736898005466 
61.240000000000002 3.2978306520051559 -0.75413831271770859 0.03020967459046844 
61.340000000000003 3.2907917725485603 -0.91924322660622848 0.020622562596821999 
61.451999999999998 3.3038157252450282 -1.0459679821812728 0.013592146005919872 
61.552 3.2973308667157224 -1.0956564716513417 0.012672817764487344 
61.652000000000001 3.3067644427291771 -1.1092910011953032 0.015558710229461916 
61.752000000000002 3.2801953451940924 -1.1293118684423555 0.0072412827073031205 
61.872 3.2663310671919068 -1.1215799545757084 -0.0060507813405203531 
61.972000000000001 3.2552441495758022 -1.1325387425332525 -0.022509452241493828 
62.072000000000003 3.2532646942456473 -1.1395775827205241 -0.043366224667794454 
62.18 3.3078563618991073 -1.1031006340767922 -0.049654716574273651 
62.280000000000001 3.3247651354444256 -1.1005221502391576 -0.072703556122354782 
62.380000000000003 3.3081375705490887 -1.0940411570334296 -0.11014860549965827 
62.491999999999997 3.2923918202296214 -0.99121271979169812 -0.12962003044938614 
62.591999999999999 3.2314145923431661 -0.85022130322652334 -0.1468746148013968 
62.692 3.1946941776077957 -0.68281129477810676 -0.14891462194187982 
62.792000000000002 3.1723014331583648 -0.54761101603875351 -0.14641161283481235 
62.892000000000003 3.1637081397893065 -0.42956071086407493 -0.15990619040851123 
63 3.1836600628878906 -0.23697680931160914 -0.17465332945588785 
63.100000000000001 3.2242033167755202 -0.015480433264336027 -0.1856431705574719 
63.200000000000003 3.2280985085377276 0.14429966203396738 -0.21570355948939418 
63.32 3.2286727923084393 0.23170119108292214 -0.23649686643698364 
63.420000000000002 3.2136428406509174 0.28514443822489111 -0.22922977764477212 
63.520000000000003 3.2076682714179787 0.35434874576639203 -0.19005912372182077 
63.631999999999998 3.1735962241765674 0.40780983554078049 -0.15354300402496363 
63.731999999999999 3.1444244973324191 0.4371872142165768 -0.13555340201091221 
63.832000000000001 3.1556257772008292 0.45814567453476862 -0.11899583964913522 
63.932000000000002 3.1664154993087856 0.45080826439505917 -0.11904553230682553 
64.040000000000006 3.1823625491292002 0.4382273379718753 -0.12274449699754972 
64.152000000000001 3.2005262007330706 0.44737553808792485 -0.11766450792363617 
64.272000000000006 3.2192447899247902 0.47820156946206571 -0.094176947154362353 
64.379999999999995 3.2106224320176175 0.5216219925987029 -0.077445057469277545 
64.480000000000004 3.1984735664921775 0.55485226088378825 -0.061892533079219436 
64.591999999999999 3.1840495996124663 0.59037055184538767 -0.049706037351309129 
64.700000000000003 3.1744348534500983 0.63762178467512121 -0.043118024520281621 
64.819999999999993 3.1641398058881189 0.70336700704565458 -0.042977769433510692 
64.920000000000002 3.1604903044641688 0.75416827767232508 -0.04462648673477497 
65.031999999999996 3.1534106583417629 0.80255902887487385 -0.045832204818609133 
65.132000000000005 3.1440816912925587 0.84729366153498153 -0.041185423086445301 
65.239999999999995 3.1308329582084582 0.90010042222262598 -0.032077733483423618 
65.340000000000003 3.11629908727704 0.94908445141128706 -0.024193754356466493 
65.451999999999998 3.0999254748312568 0.99922456888235101 -0.021192501918977098 
65.552000000000007 3.0883989030916434 1.0405676722999573 -0.021525940218173417 
65.671999999999997 3.0881961425535747 1.0896764920568627 -0.016762212073263418 
65.772000000000006 3.081533398507148 1.126532530316795 -0.017820752505333718 
65.879999999999995 3.0683277234879722 1.1597791687811927 -0.019834851927562971 
65.980000000000004 3.0535518711304199 1.1857452338416503 -0.020776282823608147 
66.091999999999999 3.0365803056998768 1.2148749679026041 -0.020576663127914004 
66.200000000000003 3.0217746855644569 1.2434095608478613 -0.018648711092734999 
66.319999999999993 3.00422048679836 1.2679532438395738 -0.019851594126150996 
66.420000000000002 2.9974142666219139 1.2879154337607719 -0.022576598744839957 
66.531999999999996 2.9918883072304236 1.3089140359897122 -0.030120116844190872 
66.632000000000005 2.9891362170224145 1.3283639637765592 -0.036878788950199935 
66.739999999999995 2.9852420068921761 1.3506726578178687 -0.042551123731951267 
66.840000000000003 2.9809803016320506 1.3701129052312477 -0.044970125241088427 
66.951999999999998 2.973910267133268 1.3892846309847111 -0.047378806832877936 
67.052000000000007 2.9679458876423261 1.4051154320989327 -0.049311284782710241 
67.171999999999997 2.7237496720280006 1.4157473588386413 -0.078677053208859829 
67.272000000000006 2.3377140174320683 1.4042228652279545 -0.090991712503255578 
67.379999999999995 1.987337768594623 1.3164532982986294 -0.058504184225219351 
67.480000000000004 1.7126277476187273 1.1667236375068006 -0.00052585544304374621 
67.591999999999999 1.44904685001996 1.0068175825053376 0.058356600005343706 
67.700000000000003 1.2639434563505854 0.88505929797366523 0.073807338468833431 
67.819999999999993 1.1343112318206341 0.76972496402200918 0.021294907981365623 
67.920000000000002 1.0722669164371805 0.70483445966811975 -0.047947681041036534 
68.031999999999996 1.0153852176699083 0.63860772302404134 -0.11713798779608589 
68.132000000000005 0.94490551978981108 0.59177679438745501 -0.1425118747587456 
68.239999999999995 0.84124392818354154 0.55684494977333465 -0.12110295931269029 
68.340000000000003 0.73238865037961376 0.53173375476337625 -0.07597591310100657 
68.451999999999998 0.62331863241344621 0.50018181175777832 -0.037248598620454446 
68.552000000000007 0.55669004565961755 0.47190660425194347 -0.03091048500634511 
68.671999999999997 0.52124759746155302 0.44897141659519879 -0.0498107302347593 
